DEPARTAMENTO	Excedencias	Anios	Eventos	Rate_anual	T_ret_anios
LIMA	5397	7	6457	0.839114	1.192
AREQUIPA	1631	7	1888	0.884820	1.130
ICA	1465	7	1570	0.939081	1.065
TACNA	809	7	916	0.894743	1.118
CALLAO	666	7	769	0.902491	1.108
ANCASH	622	7	740	0.777826	1.286
PIURA	427	7	488	0.827095	1.209
MOQUEGUA	350	7	412	0.865936	1.155
LAMBAYEQUE	334	7	394	0.733998	1.362
AYACUCHO	287	7	363	0.758620	1.318
JUNIN	244	6	307	0.818496	1.222
LA LIBERTAD	239	5	289	0.775886	1.289
UCAYALI	218	7	282	0.753635	1.327
SAN MARTIN	140	6	171	0.822213	1.216
AMAZONAS	133	6	157	0.887219	1.127
HUANUCO	122	6	147	0.880828	1.135
CUSCO	108	6	151	0.712500	1.404
CAJAMARCA	108	6	136	0.821825	1.217
PASCO	76	6	86	0.919067	1.088
HUANCAVELICA	65	6	81	0.753355	1.327
TUMBES	49	5	53	0.900000	1.111
LORETO	45	5	54	0.921739	1.085
APURIMAC	41	6	60	0.709770	1.409
PUNO	17	6	23	0.675926	1.479
MADRE DE DIOS	6	5	8	0.733333	1.364
