DEPARTAMENTO	Slope_anual	R2	Meses	Mean_mensual
UCAYALI	0.303501	0.079555	61	1.250749
CUSCO	0.171835	0.036860	28	0.584426
APURIMAC	0.165456	0.035127	22	0.442095
AYACUCHO	0.118433	0.042165	51	0.905066
AREQUIPA	0.068541	0.001188	75	3.547346
JUNIN	0.020788	0.000068	33	1.612857
ICA	-0.145528	0.003846	69	3.434802
LIMA	-0.235944	0.002831	75	4.197246
ANCASH	-0.256821	0.006039	66	3.521987
HUANCAVELICA	-0.270459	0.080448	27	0.737480
PUNO	-0.332059	0.011780	14	0.725862
LAMBAYEQUE	-0.340691	0.031946	54	1.620212
LA LIBERTAD	-0.349639	0.023868	30	1.375278
TACNA	-0.469903	0.036489	71	3.397732
PIURA	-0.563219	0.011118	53	3.352774
CALLAO	-0.641678	0.021382	69	4.208420
MOQUEGUA	-0.645226	0.038956	62	2.157533
TUMBES	-1.436967	0.045077	19	2.808642
CAJAMARCA	-1.596311	0.087419	35	1.639228
HUANUCO	-2.032602	0.148822	32	2.149953
PASCO	-2.128457	0.194654	25	1.561067
MADRE DE DIOS	-4.234680	0.780020	7	0.988732
LORETO	-4.946811	0.092968	23	3.440342
AMAZONAS	-6.170581	0.114870	29	4.717981
SAN MARTIN	-6.918540	0.116094	28	3.818130
