AMAZONAS	0.8872188209200095|6|133|157
ANCASH	0.7778255324157431|7|622|740
APURIMAC	0.7097701149425287|6|41|60
AREQUIPA	0.8848196003001557|7|1631|1888
AYACUCHO	0.7586203604248717|7|287|363
CAJAMARCA	0.8218253968253969|6|108|136
CALLAO	0.9024907014653741|7|666|769
CUSCO	0.7124999999999999|6|108|151
HUANCAVELICA	0.7533549783549783|6|65|81
HUANUCO	0.8808278118939884|6|122|147
ICA	0.9390807073812147|7|1465|1570
JUNIN	0.8184960251798907|6|244|307
LA LIBERTAD	0.7758860840699041|5|239|289
LAMBAYEQUE	0.7339976672614837|7|334|394
LIMA	0.8391140607133831|7|5397|6457
LORETO	0.9217391304347824|5|45|54
MADRE DE DIOS	0.7333333333333333|5|6|8
MOQUEGUA	0.8659359605911331|7|350|412
PASCO	0.9190671247357294|6|76|86
PIURA	0.8270953311394489|7|427|488
PUNO	0.6759259259259259|6|17|23
SAN MARTIN	0.822213333854025|6|140|171
TACNA	0.8947434800277861|7|809|916
TUMBES	0.9|5|49|53
UCAYALI	0.7536353579586662|7|218|282
