AMAZONAS	-6.170581|11.916992|0.114870|29|4.717981
ANCASH	-0.256821|4.217543|0.006039|66|3.521987
APURIMAC	0.165456|0.297321|0.035127|22|0.442095
AREQUIPA	0.068541|3.336012|0.001188|75|3.547346
AYACUCHO	0.118433|0.658331|0.042165|51|0.905066
CAJAMARCA	-1.596311|3.900668|0.087419|35|1.639228
CALLAO	-0.641678|6.026508|0.021382|69|4.208420
CUSCO	0.171835|0.391111|0.036860|28|0.584426
HUANCAVELICA	-0.270459|1.030477|0.080448|27|0.737480
HUANUCO	-2.032602|4.775397|0.148822|32|2.149953
ICA	-0.145528|3.847132|0.003846|69|3.434802
JUNIN	0.020788|1.585139|0.000068|33|1.612857
LA LIBERTAD	-0.349639|1.797758|0.023868|30|1.375278
LAMBAYEQUE	-0.340691|2.372572|0.031946|54|1.620212
LIMA	-0.235944|4.924742|0.002831|75|4.197246
LORETO	-4.946811|7.974919|0.092968|23|3.440342
MADRE DE DIOS	-4.234680|2.047402|0.780020|7|0.988732
MOQUEGUA	-0.645226|3.797482|0.038956|62|2.157533
PASCO	-2.128457|3.689524|0.194654|25|1.561067
PIURA	-0.563219|4.573082|0.011118|53|3.352774
PUNO	-0.332059|0.905727|0.011780|14|0.725862
SAN MARTIN	-6.918540|11.601488|0.116094|28|3.818130
TACNA	-0.469903|4.768282|0.036489|71|3.397732
TUMBES	-1.436967|3.886367|0.045077|19|2.808642
UCAYALI	0.303501|0.491995|0.079555|61|1.250749
